time,x,y,z,phi,theta,psi,x_velocity,y_velocity,z_velocity,phi_velocity,theta_velocity,psi_velocity,rotor_speed1,rotor_speed2,rotor_speed3,rotor_speed4
0.06,1.80859344777e-08,-1.03639981681e-07,10.0057638225,6.28298195776,6.28316366095,0.0,1.84308822038e-06,-1.40012584528e-05,0.192113940286,-0.0112163172924,-0.00109232151854,0.0,464.5356982750217,464.450059547499,466.3644340186611,465.487750622703
0.12000000000000001,9.02990924268e-07,-7.32065791036e-06,10.0214365986,6.28288431323,6.2830467977,0.0,3.7409876786e-05,-0.000262885201118,0.330281383787,0.0127604986912,-0.0037160159006,0.0,449.2621766091229,449.04947153586016,447.67323269300954,449.6196706356586
0.18,7.26942372688e-06,-2.5115895201e-05,10.046824637,0.00145974510186,6.28288192472,0.0,0.000196956869866,-0.000171728082197,0.515920568962,0.0505881930129,-0.000878576108312,0.0,463.6508150563903,463.87370474094973,461.58311074666636,464.5584796311952
0.23999999999999996,2.5889677946e-05,8.14877848584e-06,10.0815445554,0.00473724872763,6.28262992044,0.0,0.000438752724249,0.00161536633958,0.641346640858,0.0616721214507,-0.0118457702781,0.0,446.03785121733773,445.1414972686998,444.33974955838,445.24930811671163
0.3,7.1103422541e-05,0.000254950998794,10.1299589618,0.00864330259327,6.28197800654,0.0,0.00116091750041,0.00712914652513,0.972242204328,0.071199068484,-0.00897292324314,0.0,504.4171559471792,504.62468666116337,505.82888303285864,506.51693067628986
0.36000000000000004,0.000167246724146,0.000873578114227,10.1908761687,0.0126462111927,6.28139171298,0.0,0.0020999069406,0.0139064788465,1.05825102485,0.0557681391973,-0.0114186850159,0.0,433.20481248686525,432.99925275096393,434.3787937910989,433.0863705963585
0.4200000000000001,0.000340707173485,0.00204658187881,10.2622177027,0.0162078346047,6.28156440539,0.0,0.00370208928379,0.0256258994125,1.31952961372,0.0657171887807,0.022106779472,0.0,485.8321973712732,488.3391062622722,485.598994316468,486.3467769738659
0.48000000000000015,0.000590528345499,0.00392894811835,10.3440915075,0.0200215259974,6.2831850757,0.0,0.00447553571448,0.0375080303732,1.40948345234,0.0588605871591,0.0353558563521,0.0,435.3598494571429,436.4670711346829,435.32345179865075,434.7524157548136
0.5400000000000001,0.00085106241903,0.00659192253727,10.4309487253,0.023607353209,0.00164850516472,0.0,0.00401471247488,0.051606238236,1.48565304838,0.0615108717071,0.00300806604649,0.0,432.17507319280725,429.44036433714285,431.692241435135,431.9184287897106
0.6000000000000002,0.00105489719855,0.0102007302203,10.5235207017,0.0273451070342,0.00284445457483,0.0,0.00269555517936,0.0690702581299,1.59991596536,0.0638207715282,0.0414592833779,0.0,441.42062524839315,444.5821104899358,444.1947347898279,444.38690205216153
0.6600000000000003,0.00113984684835,0.0149959008141,10.6250601641,0.030958037804,0.0054059963081,0.0,-0.000152308055916,0.0911884587222,1.7844489006,0.0518054323878,0.0450503725253,0.0,465.3429081857824,465.6248165693457,465.9977972293082,465.0600560418485
0.7200000000000003,0.000994876951529,0.0211927814003,10.7374624599,0.0343514960785,0.00804991081925,0.0,-0.00498189402694,0.115735255785,1.96199148851,0.0646777670566,0.0420190048742,0.0,464.1906549745482,463.95373642296283,463.4493785040786,464.46196372716656
0.7800000000000004,0.000534731503019,0.028800968736,10.8564383755,0.0387418135172,0.0101601544845,0.0,-0.0105774233099,0.138257858732,2.00378220676,0.0862679323075,0.0157095955701,0.0,424.1030440429854,421.8379157813909,420.1141431200514,421.986238669346
0.8400000000000004,-0.000373045269259,0.0381468395182,10.9854085925,0.0449088644644,0.0106880846265,0.0,-0.0197797448202,0.174003271347,2.29465298745,0.123958745725,-0.0109430503078,0.0,498.744652441676,496.7942730294577,496.1789613692946,498.94550334538417
0.9000000000000005,-0.00180474207698,0.0496592749729,11.1285821172,0.0519157946081,0.0100292354288,0.0,-0.0278642247246,0.210559004177,2.47737668172,0.0958728895508,-0.011056466419,0.0,467.6905835828547,467.6818813100147,468.63099957747016,466.45395233331584
0.9600000000000005,-0.00367176681429,0.0633367260789,11.2792264665,0.0587782482003,0.00951357036283,0.0,-0.0343115508904,0.245973355932,2.5439169699,0.137152459158,-0.00407628383189,0.0,432.3416373979873,432.92945331054256,430.61451646806006,434.1034287029467
1.0200000000000005,-0.00596724670466,0.0796020730213,11.4391688646,0.0670978228865,0.00891225818119,0.0,-0.0421518127054,0.29718885254,2.78686512918,0.141512122279,-0.0258716678095,0.0,487.01610935315944,485.3833183060528,486.62590905577184,486.96811825058023
1.0800000000000005,-0.00869771477722,0.0990350016888,11.6120141968,0.0757787635526,0.00732696888543,0.0,-0.0486791035755,0.351528806403,2.97409850433,0.15036294738,-0.02754428842,0.0,471.2834041258618,471.1540019088354,471.50522837761343,472.2066707984901
1.1400000000000006,-0.0117776535132,0.121854895898,11.7950798535,0.0848250786041,0.00696986461624,0.0,-0.0538917870768,0.410093312853,3.12758989978,0.151576573321,0.0191012092738,0.0,460.44468688888503,464.1202248984081,462.8053778763254,462.9212886901184
1.2000000000000006,-0.015154232535,0.148181310201,11.9849299232,0.0935472926038,0.00789915738001,0.0,-0.058762516033,0.468310419266,3.20044860898,0.128561858057,0.00705287261821,0.0,439.5642426171405,438.564546767168,439.05853928888,437.1646414391496
1.2600000000000007,-0.0188091423994,0.177814210603,12.1754173369,0.100878024072,0.0080261708831,0.0,-0.0630928657782,0.520065354453,3.14919897678,0.10467294706,-0.010250936105,0.0,398.9338063313163,397.350556268865,398.2462899369947,396.0701995155581
1.3200000000000007,-0.0227965459129,0.211610839113,12.3720491376,0.10677400322,0.00760573000958,0.0,-0.069750525918,0.607174807362,3.40436228448,0.0806601254307,-0.00120227379762,0.0,493.52305274502066,494.19059510261985,494.85885569494695,493.09509420746605
1.3800000000000008,-0.0271559710325,0.250499028121,12.5814149961,0.111549463657,0.00791899057473,0.0,-0.0755758156054,0.689574066704,3.57389504868,0.0773635559737,0.015690235966,0.0,469.6295873722137,470.93800670199647,471.13699767219305,470.88672987527633
1.4400000000000008,-0.0318781086733,0.294458915286,12.8011269265,0.115916126246,0.00936720107425,0.0,-0.0819642467941,0.776193919496,3.74918175076,0.0615199407269,0.037180083047,0.0,472.07015007713426,473.72559200822116,474.893793440306,473.6805759881944
1.5000000000000009,-0.0370001861741,0.34345285616,13.0291420401,0.119652264687,0.0116998055207,0.0,-0.0890029446329,0.85726523095,3.85090078495,0.0637258139894,0.042069978096,0.0,453.5384197468598,453.93172499425054,451.3639913066778,451.544715209237
1.560000000000001,-0.0425644918997,0.397093927915,13.2608247439,0.123573954551,0.014106369668,0.0,-0.0966970133235,0.931097933822,3.87170467129,0.0684456769121,0.0358689071373,0.0,426.86966080011194,426.34101853568677,428.4598116066808,428.86424753673424
1.620000000000001,-0.0486590185295,0.455452459844,13.4954804073,0.127891576272,0.0163908264172,0.0,-0.106670330239,1.01455334653,3.949784562,0.0781942320816,0.0421547338155,0.0,446.49013310918633,447.0033896080905,445.7091047806144,446.50911892154033
1.680000000000001,-0.0553596159279,0.518601713792,13.7324716333,0.132542368266,0.0184964300218,0.0,-0.116891463503,1.09081130754,3.94982385973,0.0761159757062,0.014687267659,0.0,423.77267419222,421.40533552314434,421.31016663269213,421.13555925784596
1.740000000000001,-0.0627740488402,0.586883118565,13.9730091252,0.137530269586,0.0204093742449,0.0,-0.130408185002,1.18566095959,4.06755196833,0.0943766022092,0.0536305721449,0.0,457.10456603408994,460.1980120983747,460.1742959242786,461.62286014860297
1.8000000000000012,-0.0709775260694,0.660499136029,14.2172692725,0.143858618096,0.0232389654849,0.0,-0.143312938651,1.2687142697,4.07429266517,0.121512749954,0.0292838410631,0.0,426.17953928497656,424.0946028567605,424.8437966903669,427.1742349584417
1.8600000000000012,-0.0800081065211,0.739252992986,14.4621905841,0.150828651925,0.0251562994383,0.0,-0.157870106502,1.35702153321,4.08953368954,0.102464419143,0.0368242348867,0.0,428.0901270068358,428.7317432100373,429.93307469979,428.3283883350953
1.9200000000000013,-0.090038835792,0.823954642939,14.7114704888,0.156975431848,0.0278510403967,0.0,-0.176740726166,1.46691555321,4.21913420012,0.102410163294,0.0575164604061,0.0,463.7661019414621,465.38969212569344,466.2585348773807,466.2628652030614
1.9800000000000013,-0.101154406408,0.914768692195,14.9646725189,0.164157776206,0.0312913589905,0.0,-0.194080856516,1.56077818183,4.22074714536,0.141523574554,0.0569807677482,0.0,425.837709985447,425.7942980492642,424.8667768335174,428.2200901399271
2.0400000000000014,-0.113483734934,1.01192222249,15.2214028995,0.173221771862,0.0344279084635,0.0,-0.217227818447,1.67847973428,4.33622250701,0.165387297796,0.0406464890881,0.0,463.9804864221584,462.6978066099451,461.6652785355301,463.56458829049495
2.1000000000000014,-0.12720921383,1.11604823275,15.4834349311,0.182897740671,0.0371557541675,0.0,-0.240529479647,1.79324652407,4.3976475928,0.151407771489,0.0536808486836,0.0,446.9051693194783,447.967607959091,448.38644282288885,447.27357081243065
2.1600000000000015,-0.142157903619,1.22611431664,15.7430823976,0.191760151606,0.0407987279799,0.0,-0.258011566145,1.87627703839,4.25759980356,0.139040579106,0.0719884460125,0.0,378.6648783821544,380.42545950273944,379.93888821977527,378.7755894139186
2.2200000000000015,-0.15838436759,1.34208820173,15.9984647904,0.200292559513,0.0446606384578,0.0,-0.283234384984,1.99019593783,4.25487905366,0.147881027255,0.0412587782677,0.0,428.707147690048,426.0907487429396,426.76085087893836,427.5345282077303
2.2800000000000016,-0.176240479483,1.46527859905,16.2548093832,0.209139439532,0.0471165795065,0.0,-0.312189154491,2.11687550917,4.28949154271,0.146568663999,0.0402715532731,0.0,441.20430546767636,441.1236732394461,439.26219662657655,439.1740065637184
2.3400000000000016,-0.195779119644,1.59577958337,16.5111031187,0.217871863196,0.049887837992,0.0,-0.339317888024,2.2338331964,4.25347288985,0.143402888405,0.0559643183666,0.0,417.26474324500174,418.6340166421756,417.40985616695815,417.15477839783966
2.4000000000000017,-0.217290180429,1.73470395081,16.7708997728,0.226496029951,0.0532718414477,0.0,-0.378055262498,2.39769882697,4.40540323698,0.144393600258,0.0572572571044,0.0,478.6843846750867,478.78469069629534,477.6757364519249,477.76899247377
2.4600000000000017,-0.241201235239,1.88363433416,17.0397330827,0.235174290956,0.0568537377059,0.0,-0.419328114465,2.56734947444,4.55464986413,0.145120865061,0.0641790426955,0.0,478.04050264437353,478.56993413751644,480.65895289120186,480.7318886237673
2.520000000000002,-0.267513585588,2.04228128657,17.3148049471,0.244094562586,0.060333980468,0.0,-0.458088570166,2.72155770455,4.61373069322,0.154957468758,0.0412971080748,0.0,454.3247898781063,452.4883500205369,453.8795180982677,454.6885287290077
2.580000000000002,-0.296286462908,2.2106246663,17.5944957911,0.253058083019,0.0629105974416,0.0,-0.501230486995,2.89058906599,4.70840381669,0.134937427846,0.0460476636633,0.0,466.5041225586735,466.87588809366076,467.09177169453324,465.54721370369765
2.640000000000002,-0.327516324057,2.38853381413,17.8769680767,0.260826803531,0.0656367834009,0.0,-0.539997116029,3.04027738528,4.70692818581,0.115391046551,0.0441854603011,0.0,437.65371659007644,437.49990284330767,438.3170889504944,436.70479309659777
2.700000000000002,-0.361056965684,2.57528888709,18.1583733054,0.267499497928,0.0683365957406,0.0,-0.578247073173,3.18534715573,4.67301486962,0.101177594733,0.0465717500587,0.0,426.9882651394849,427.1930842918279,428.57777164474066,427.3791639729508
2.760000000000002,-0.396920551401,2.77076445039,18.4374424484,0.273875733215,0.0714651069643,0.0,-0.617452864629,3.33090386809,4.62911006388,0.114883380122,0.0614369544315,0.0,424.13338714371764,425.41025741794516,423.904648415839,425.09134941625774
2.820000000000002,-0.435104201979,2.97473025605,18.7126777667,0.28079594368,0.0749560698273,0.0,-0.65562512115,3.46840971516,4.54538140311,0.116227856855,0.0507202151443,0.0,412.08743250896106,411.1414647551458,410.6931765689575,410.82550677431124
2.880000000000002,-0.47593709101,3.1881550079,18.9867394714,0.287470689455,0.0780643443496,0.0,-0.705733539345,3.64614009576,4.58933385856,0.0987447992887,0.0538888524729,0.0,454.19196034126685,454.44772108550103,455.21667683605614,453.8258110308602
2.940000000000002,-0.520155433983,3.41348798916,19.2672547642,0.293851668442,0.0811391265341,0.0,-0.768489812926,3.86519847053,4.7598399879,0.118346508951,0.0453567828662,0.0,495.34592654544724,494.71938494153807,494.07271161966065,495.52445639057487
3.000000000000002,-0.567533087127,3.64968186322,19.5500355696,0.301048238101,0.0837912484346,0.0,-0.810984972747,4.00837695013,4.66617894021,0.122955434015,0.0417870635742,0.0,412.97124433442764,412.6574528043507,411.42637785093433,411.84852614965223
3.0600000000000023,-0.618012603265,3.89635192786,19.8329461544,0.3081778571,0.0860858978575,0.0,-0.871850198683,4.21430477402,4.76311755354,0.108942716577,0.0300030294272,0.0,475.62071639624855,474.71778948667975,476.53081909626593,475.46986043345595
3.1200000000000023,-0.671859740754,4.15432783649,20.1179821073,0.314687155979,0.0873867882167,0.0,-0.923182054238,4.38522248211,4.73770104694,0.107564485464,-0.00541144854149,0.0,440.2713088748127,437.330847331581,437.7558160575591,437.6516522834916
3.1800000000000024,-0.728152093128,4.42032317158,20.3943756883,0.32102755896,0.0886130730829,0.0,-0.953360276206,4.48176913511,4.4763258643,0.101597938549,0.0481916745012,0.0,348.21493449098585,353.77975911235615,350.37793183702644,349.76994254988085
3.2400000000000024,-0.787455882971,4.69632913987,20.6676198704,0.327184663579,0.0916942016214,0.0,-1.02367206593,4.71854534438,4.63043892941,0.104583456853,0.0570213030141,0.0,494.0685647441345,494.7206134037209,494.46762989319024,494.6955195639038
3.3000000000000025,-0.850353342491,4.98420597348,20.9429086119,0.333230287273,0.0952674268014,0.0,-1.07319139956,4.87764583356,4.5457555282,0.091748314753,0.064188481922,0.0,419.88134040636913,420.50551232521525,419.85705003246113,418.7511070682573
3.3600000000000025,-0.916508775409,5.28245915399,21.2153312945,0.33841025341,0.0988908416713,0.0,-1.1322948667,5.06426918429,4.53451153021,0.0723861862427,0.0514440096662,0.0,446.45520850749415,445.41648415901716,445.44202338382865,443.8615174071701
3.4200000000000026,-0.986182211912,5.591646347,21.4861795731,0.34242953275,0.101646205512,0.0,-1.19039067998,5.24203433112,4.49348983323,0.053097532161,0.0316040275552,0.0,437.12969016219427,435.47412096535015,436.97274419916056,435.36484186553747
3.4800000000000026,-1.05965638665,5.91240327706,21.7570307438,0.345713790824,0.103951713101,0.0,-1.25889753929,5.44971581035,4.53419833474,0.0578299726844,0.0494195579907,0.0,464.3719764363726,465.768279037855,462.71327261600203,463.08762105944726
3.5400000000000027,-1.13679788727,6.24403804311,22.0258793591,0.349153402199,0.107029630385,0.0,-1.31273758738,5.60484361042,4.42753750509,0.05630158647,0.0548130170005,0.0,415.2764496510633,415.7512720687358,415.10112045124947,414.9694580560923
3.6000000000000028,-1.21763254355,6.5862932944,22.2919172079,0.352429784909,0.110257110993,0.0,-1.38200687973,5.80352879926,4.43982856231,0.0509814857422,0.0516662859534,0.0,455.8711900051366,455.6214575611427,456.57483498103255,456.1519966232584
3.660000000000003,-1.30277077684,6.94073931265,22.5593950337,0.35536591668,0.113658964716,0.0,-1.45618529199,6.01111678424,4.47540536984,0.0444943943802,0.0652245703903,0.0,464.58382335818266,465.64790258986164,464.90121679615646,464.3939033935622
3.720000000000003,-1.392221211,7.30700280779,22.827282511,0.358229069624,0.11755507341,0.0,-1.52580871633,6.19749890895,4.45380630435,0.0534922121871,0.0643502055548,0.0,447.5423405792932,447.4742207417326,447.13940885148804,447.8733451309367
3.780000000000003,-1.48572972317,7.68387947234,23.092362585,0.361109778331,0.12112254002,0.0,-1.59144425768,6.36498618835,4.38210003517,0.0338353555748,0.0472374464226,0.0,431.99822365142535,430.5550079611237,431.8633496974943,430.2031481084908
3.840000000000003,-1.58321028866,8.07072038626,23.3529573015,0.363242478202,0.124054529506,0.0,-1.65814903071,6.52956573023,4.30438907987,0.0387613341675,0.0519392792151,0.0,430.0006576239853,430.4004364379056,427.96733679079074,428.38711907270266
3.900000000000003,-1.68491275052,8.46788767686,23.6101498397,0.365509188645,0.12736885479,0.0,-1.73218888223,6.70912466086,4.26842998205,0.0357371280086,0.0611311838035,0.0,443.56693729375627,444.3233746602877,443.5914034034426,443.34361485413433
3.960000000000003,-1.79131602177,8.87634777921,23.8666080384,0.367396502352,0.130720280499,0.0,-1.81485765873,6.90586469269,4.2796346204,0.0211103057709,0.0423854850732,0.0,460.76769812292713,459.28492761701517,460.8060596505716,459.6483897191898
4.020000000000002,-1.90239200886,9.29562343204,24.1212639795,0.368770449047,0.133068062749,0.0,-1.88788525492,7.06974208343,4.20889685735,0.0262557163203,0.0316616080508,0.0,433.5168915474355,432.61542676448573,433.57048300299056,434.00272792658643
4.080000000000001,-2.01803138198,9.72506631106,24.3726672032,0.370189045305,0.134768780773,0.0,-1.966903114,7.24471380307,4.17101501094,0.0178269982641,0.02071530532,0.0,445.94764934440786,445.052601763871,444.4512848717711,443.7598238466286
4.14,-2.13877133213,10.165832706,24.6240544972,0.3711965222,0.135984936587,0.0,-2.05780991928,7.44698732543,4.20795273487,0.0146350532319,0.019361992411,0.0,470.3392119571589,470.2343154985271,469.98332935743156,469.7357096654272
4.199999999999998,-2.26430212173,10.6168482421,24.8729606517,0.371757501614,0.137225759976,0.0,-2.12670413479,7.58666170677,4.08926808835,-0.00416745713945,0.0231945427854,0.0,418.28159483373986,418.61533524940586,418.5599918761361,416.91986269498824
4.259999999999997,-2.39472433179,11.0781000001,25.1197024714,0.371343628257,0.138509504426,0.0,-2.22076338009,7.78771876545,4.13488575361,-0.0130106455222,0.0175312023271,0.0,473.7078698063243,473.2720434678591,473.57668676197517,472.89594329322574
4.319999999999996,-2.53073140463,11.5510952492,25.3686084119,0.370628731579,0.139386175377,0.0,-2.31284860996,7.9781138356,4.16155090091,-0.00980898187463,0.00801699938144,0.0,467.5373612250633,466.79520463138374,469.55464400496356,469.80314640624147
4.379999999999995,-2.67279811524,12.0367442651,25.6225427724,0.369608919049,0.139506552142,0.0,-2.42259531665,8.20922320245,4.30180430147,-0.037989022287,-0.0140882024387,0.0,505.3221648232991,503.7257993657309,506.2143266988554,504.1820221748486
4.439999999999993,-2.821066557,12.5351479873,25.8823393831,0.367247871011,0.139072619654,0.0,-2.51956871057,8.40333198393,4.3576051481,-0.0422230415237,0.00381043863105,0.0,479.63642962599516,480.9942943687645,481.71706914997895,481.396062207927
4.499999999999992,-2.97465388181,13.0437771783,26.1421681226,0.365104272881,0.139205128577,0.0,-2.60007332818,8.5503783721,4.30355777895,-0.0251620777845,-0.00120533739285,0.0,446.1213704647185,445.7114698595384,445.2147029120203,446.60820704928693
4.559999999999991,-3.13260190943,13.5598901947,26.3955848495,0.364213072615,0.138754581965,0.0,-2.66499756241,8.65317017278,4.1444802697,0.00034246803336,-0.0247276222549,0.0,409.3225524218064,407.2232174506368,406.77908174911414,409.0573841598633
4.6199999999999894,-3.2951353078,14.08384275,26.6441008065,0.364027718242,0.137016092696,0.0,-2.75264976637,8.81140303438,4.1391877884,-0.0110311524029,-0.0392171745306,0.0,461.0559670356962,459.90920103371906,460.1984381375642,459.2970941929674
4.679999999999988,-3.46297475354,14.6173842925,26.892795801,0.363315824876,0.134558951023,0.0,-2.84178664979,8.97271453959,4.15041045384,-0.0135867774516,-0.0446694944602,0.0,466.488429627823,466.06156308120126,465.5960509767645,465.39613994101643
4.739999999999987,-3.63601832087,15.1602179908,27.1414228646,0.362427274735,0.132385884179,0.0,-2.92616107098,9.1211924483,4.13709916934,-0.0173733484024,-0.0231697441539,0.0,457.2242347296329,458.93374124647823,458.68872732951394,458.38794589989794
4.799999999999986,-3.81375825776,15.7109432817,27.3868538976,0.361107083924,0.13127659237,0.0,-2.99852073092,9.23594360402,4.04439066369,-0.0334029005753,-0.0104698082726,0.0,431.0084370142256,432.08080241317003,431.8365983970787,430.4818349735541
4.859999999999984,-3.99614707056,16.2692726583,27.6289391953,0.359135485708,0.131268445389,0.0,-3.08112846472,9.37439496448,4.02515010939,-0.0317958416202,0.0150893297025,0.0,454.6402706133548,456.6841343768318,455.0644283259158,455.19270194627376
4.919999999999983,-4.18381529164,16.8366037758,27.8720721312,0.357087460971,0.132068044805,0.0,-3.17453511224,9.535799272,4.07882255687,-0.0392746332613,0.00954523411511,0.0,479.5581195647546,479.1365688091885,478.96429407979593,478.3946213854291
4.979999999999982,-4.37656313884,17.4120423547,28.1145670805,0.355060327966,0.132823002118,0.0,-3.25054350438,9.64498734382,4.00473317084,-0.0246032104309,0.0180539845835,0.0,437.0572984050397,437.7659975541526,437.49266834698597,438.7124018466889
5.0399999999999805,-4.57400546587,17.9941989509,28.3534012812,0.35322706929,0.133703259052,0.0,-3.33101994758,9.75971218311,3.9565886151,-0.0464203257688,0.00686111233611,0.0,446.44861947868804,445.53405424901615,446.55494959404643,444.7707634207158
